0.0487810912636968
0.0276652883905768
0.0171923551189157
0.253906440441463
0.0637484847289888
0.0615444304593138
0.0444847708267082
0.000212401857077268
0.0243453804216258
0.0018811893722767
0.00673289559441584
0.0125840015447531
-0.000115581480775791
-0.000695057346058629
-0.00254551734019327
-0.00085332988302944
-0.000202232140901834
5.8151627893211e-05
0.00511700016909856
-0.00133097303121734
-0.00198377992030709
0.175027781355789
0.0520768759856545
0.0011068400513303
0.0150921479700765
0.0475415694171039
0.0361376534118585
0.497605045815822
0.310734159489772
0.000490945589729473
0.00110935331271212
0.00379088877262318
-0.00160509163444177
0.00156180460805442
-0.0002512418215564
0.023526597245797
0.300673255138456
-0.000727210781897217
0.000195478476484396
0.00657634502490455
0.502784437234853
0.260168864678032
0.0737652701560365
0.00483172471497157
0.0063969520520583
0.0356317489620415
-0.00153154044247686
-0.000400334031013825
0.0100433818285557
0.0111403969906302
-0.00167390735116096
0.017788419332371
-0.00259602579647282
0.000581443742212083
0.138644777753071
0.303014948965309
0.0526101006229544
-0.001242895247729
0.374667955315471
0.00466903715220038
-0.00227722412088225
0.152196965127713
0.0256198745917093
0.405686581467813
-0.000742076381020699
0.0345382891614547
0.00610285741320739
0.0696439814211664
0.0176661895662189
-0.000857967065557912
-0.000962511862093741
0.182137470770935
0.000910887876279938
-0.00151991077746528
0.0496074099230013
0.092185234978595
-0.00101979964852876
0.321145319499086
0.059032849382365
0.372868543362819
0.0171041043814793
0.01046346770108
-0.00160047711609518
-0.00108453907206741
-0.000144402377689459
0.0106041859871365
0.00760995369799348
0.00819070649024091
0.0216157544143955
0.389146397782309
-0.000414684964778761
0.00293823488861147
0.165145704126062
0.139513588880209
0.00806546499666694
0.00301610948766734
-0.00133083091279871
0.00217733792409726
-0.000519881237518949
0.00397762187880326
